16501555000157
14994237000140
18727053000174
13966572000171
12839955000116
16569357000125
16575851000100
12592831000189
00881753000153
19861350000170
19861350000413
19861350000251
19861350000332
08145915000105
06130273000137
18310979000160
71038996000172
19002831000120
64336498000140
03845557000545
21329008000176
05410268000115
09234570000110
04565028000127
02072108000115
02689668000113
06216990000186
04740975000298
05968962000152
03758111000150
31210180002103
02998879000138
36453744000613
36525319000420
31908924000114
10837289000151
01398732000144
27848712000111
36176428000218
07472182000142
13233975000101
00283401000104
15102674000174
12589718000144
31210180000755
05751512000103
33136854000159
33130543000859
33280504000161
04522695000122
19751231000165
29946316000152
05029859000147